description: |
  Circle-corner square ring. Butt-welding. 10mm thick. Tool11. [Scan][Megmeet] 124A 19.4V
weld_length: 900.0
safe_height: 30.0
weld_speed: 2.0
tol: 1.0
actions_offset: [-10, 1]
actions:
  - [0, 0, 105] #1
  - [9.0, 10.0, 105] #2
  - [12.0, 0, 105] #3 
actions_param:
  swing_list:
    - period: 2.5 #1
      hold_times: [0.3, 0., 0.1, 0.]
      first_stroke_rel_offset: [5, 5]
      second_stroke_rel_offset: [5, 0]
    - period: 1.0 #2
      hold_times: [0.2, 0.3]
      first_stroke_rel_offset: [0, -4]
      second_stroke_rel_offset: [0, 4]
    - period: 1.0 #3
      hold_times: [0.1, 0]
      first_stroke_rel_offset: [0, -4]
      second_stroke_rel_offset: [0, 4]
  piecewise_speed_list:
    - [2.5, 2.5, 2, 2.5, 2, 2.5, 2, 2.5, 2] #1, note the first number is useless
    - [3.5, 3.5, 3, 3.5, 3, 3.5, 3, 3.5, 3] #2, note the first number is useless
    - [4.0, 4, 3.5, 4, 3.5, 4, 3.5, 4, 3.5] #3, note the first number is useless
executor_type: smooth_square
executor_param:
  radius: 45.0
  curve_adjust: 0.0
  use_scan: True
  UL: [-643.7181502972408, -34.038972532239754, -30.201867961032335, 0.040052477299524214, -0.05395267453531072, 1.5293172919232254]
  UR: [-639.4650104445965, 47.448127840074164, -31.201856800500707, 0.040052477299524214, -0.053952674535310274, 1.5293172919232259]
  R1: [-642.5122952041171, 147.65002081492761, -31.20185680049849, 0.06980561175398498, -0.05315735177123182, -0.027557128674336434]
  R0: [-497.49739105985657, 143.34797174266254, -31.201856800497694, 0.06980561175398552, -0.05315735177123182, -0.027557128674338027]
  DR: [-396.0241688509859, 159.6398821875532, -30.20187865841052, 0.037436590882179877, -0.0293973134378005, -1.6043191982782212]
  DL: [-402.42950535306227, 75.85115605229731, -30.20187865840967, 0.03743659088217921, -0.02939731343780405, -1.6043191982782232]
  L0: [-389.5534548563304, -23.88868035822398, -29.20187912156905, 0.037436590882176546, -0.029397313437808048, 3.095381024992106]
  L1: [-551.9963504862199, -18.019283149054985, -29.201879121567174, 0.03743659088217566, -0.029397313437807826, 3.095381024992104]